0.000000	0.277963	0.257224	0.208543	0.288315	0.230491	0.241974	0.284292	0.278575	0.276695	0.282938	0.254889	0.206557	0.228501	0.281147	0.287860	0.259859	0.292560	0.193834	0.206172	0.293642	0.285332	0.292582	0.210051	0.287811	0.203072	0.205726	0.212232	0.284108	0.213293	0.216025	0.291025	0.243593	0.286139	0.195739	0.288630	0.258792	0.290933	0.291764	0.294316	0.194412	0.286215	0.195032	0.285298	0.215956	0.214149	0.195391	0.291821	0.213315	0.288257	0.289726	0.230720	0.288752	0.292475	0.215323	0.232274	0.243809	0.290715	0.292464	0.217663	0.216422	0.196518	0.296609	0.279148	0.208347	0.202947	0.291599	
0.277963	0.000000	0.270064	0.281992	0.221149	0.275604	0.280249	0.206152	0.207001	0.221773	0.241539	0.266611	0.283442	0.275395	0.224219	0.224711	0.274148	0.228201	0.288182	0.282058	0.226243	0.239593	0.229489	0.286462	0.240745	0.282438	0.283568	0.282735	0.231152	0.284307	0.285902	0.228200	0.281797	0.241036	0.285967	0.208567	0.268340	0.229013	0.228978	0.228732	0.288939	0.206744	0.289038	0.209080	0.282346	0.286296	0.290218	0.213218	0.282522	0.209986	0.245143	0.277116	0.240287	0.229422	0.288584	0.275852	0.283903	0.242897	0.232242	0.289141	0.285356	0.289337	0.232791	0.224319	0.283829	0.288912	0.232125	
0.257224	0.270064	0.000000	0.262182	0.281514	0.252770	0.236013	0.278688	0.273576	0.273691	0.270302	0.109038	0.259908	0.251461	0.272294	0.278897	0.112784	0.286426	0.266005	0.258691	0.282474	0.270191	0.280974	0.259163	0.269997	0.262912	0.262541	0.256868	0.283651	0.259934	0.264057	0.283813	0.236032	0.274317	0.266658	0.281881	0.211147	0.285077	0.282452	0.283617	0.266907	0.278125	0.268923	0.279028	0.258885	0.261433	0.263821	0.280149	0.267994	0.277986	0.275625	0.251501	0.276947	0.279976	0.262948	0.251691	0.235917	0.275261	0.282466	0.261719	0.261571	0.265882	0.286727	0.273187	0.258723	0.263203	0.280815	
0.208543	0.281992	0.262182	0.000000	0.283540	0.221872	0.243826	0.282970	0.278412	0.279080	0.285244	0.254895	0.212977	0.222435	0.279823	0.291079	0.264760	0.290612	0.215918	0.210860	0.292377	0.282324	0.288420	0.213109	0.284045	0.210130	0.213618	0.214012	0.292019	0.214720	0.195335	0.288001	0.245118	0.285456	0.217274	0.284623	0.252579	0.292531	0.292412	0.293477	0.213869	0.285003	0.215512	0.290982	0.218076	0.200040	0.218588	0.286540	0.195818	0.286700	0.287008	0.226851	0.283374	0.292878	0.201294	0.220630	0.249121	0.284900	0.293454	0.202027	0.218967	0.219052	0.297776	0.277677	0.214359	0.217186	0.295145	
0.288315	0.221149	0.281514	0.283540	0.000000	0.285226	0.285214	0.227013	0.226544	0.229141	0.249673	0.277690	0.287631	0.282347	0.231544	0.211531	0.281676	0.215149	0.289339	0.287322	0.217094	0.249728	0.215855	0.287051	0.248689	0.287633	0.290976	0.285982	0.216232	0.290340	0.285557	0.215860	0.285514	0.249941	0.289521	0.227399	0.275228	0.219322	0.215109	0.216907	0.290039	0.225135	0.289993	0.229078	0.289016	0.285311	0.289996	0.227875	0.287601	0.226432	0.254314	0.285167	0.248880	0.218447	0.288396	0.283939	0.287564	0.251662	0.218935	0.292544	0.289706	0.292007	0.222939	0.231568	0.291962	0.291371	0.220360	
0.230491	0.275604	0.252770	0.221872	0.285226	0.000000	0.244082	0.281904	0.277759	0.276421	0.276390	0.248314	0.224516	0.164012	0.276673	0.284463	0.254360	0.289077	0.229739	0.225572	0.289651	0.278440	0.284619	0.222194	0.278747	0.224354	0.230151	0.223867	0.288829	0.224508	0.226283	0.289267	0.244641	0.277503	0.228902	0.284359	0.242341	0.286337	0.288983	0.291168	0.230894	0.280635	0.231322	0.284375	0.223031	0.226368	0.229621	0.280499	0.225997	0.282111	0.283146	0.166399	0.281063	0.291212	0.225017	0.164496	0.245050	0.278923	0.292059	0.227596	0.222680	0.231285	0.289569	0.274952	0.224793	0.231526	0.289767	
0.241974	0.280249	0.236013	0.243826	0.285214	0.244082	0.000000	0.287832	0.281168	0.279058	0.280175	0.232943	0.243660	0.243612	0.279679	0.291250	0.231449	0.290812	0.247657	0.243593	0.289506	0.283549	0.287668	0.244251	0.284887	0.242695	0.247231	0.242497	0.289001	0.243350	0.247312	0.291255	0.155230	0.284179	0.248509	0.289535	0.201511	0.295018	0.290156	0.293675	0.249369	0.283228	0.251201	0.288190	0.242905	0.245588	0.245237	0.286083	0.246514	0.289490	0.286338	0.245791	0.287669	0.292029	0.246111	0.246055	0.156092	0.284544	0.291212	0.250769	0.243763	0.250296	0.292992	0.283426	0.245079	0.247986	0.291083	
0.284292	0.206152	0.278688	0.282970	0.227013	0.281904	0.287832	0.000000	0.205154	0.228115	0.247131	0.274386	0.284844	0.283330	0.228099	0.225962	0.283807	0.228338	0.288766	0.282383	0.228867	0.250324	0.231017	0.290069	0.243505	0.287697	0.289247	0.285213	0.230589	0.289176	0.285333	0.228736	0.290596	0.246083	0.288561	0.210828	0.274777	0.230495	0.228893	0.230013	0.289467	0.210328	0.293837	0.213545	0.287268	0.287637	0.294650	0.212357	0.286278	0.207685	0.248880	0.281827	0.246337	0.229794	0.288332	0.279527	0.287009	0.250055	0.234074	0.293778	0.289194	0.293808	0.234299	0.227441	0.289679	0.292554	0.232616	
0.278575	0.207001	0.273576	0.278412	0.226544	0.277759	0.281168	0.205154	0.000000	0.222313	0.240478	0.267448	0.282591	0.276886	0.223722	0.223902	0.274656	0.226766	0.287062	0.285026	0.228288	0.245740	0.227222	0.284421	0.243548	0.282895	0.285101	0.278996	0.225335	0.287361	0.285040	0.227541	0.281251	0.241346	0.288092	0.209922	0.267624	0.226559	0.226552	0.228118	0.289775	0.203944	0.287351	0.206943	0.282883	0.282111	0.289250	0.207371	0.281751	0.207125	0.245291	0.279785	0.238594	0.229849	0.283432	0.280516	0.282286	0.243230	0.228332	0.286367	0.285532	0.289277	0.231316	0.226261	0.286315	0.285866	0.231729	
0.276695	0.221773	0.273691	0.279080	0.229141	0.276421	0.279058	0.228115	0.222313	0.000000	0.236172	0.271934	0.281049	0.274847	0.204396	0.228285	0.276378	0.229713	0.283835	0.280145	0.233482	0.238661	0.232113	0.281863	0.237908	0.281972	0.284937	0.280356	0.229410	0.283916	0.282559	0.231944	0.280379	0.239596	0.286971	0.230182	0.270560	0.233302	0.230382	0.236746	0.285331	0.225098	0.285214	0.226571	0.284553	0.282082	0.284837	0.230515	0.279659	0.226984	0.242183	0.279885	0.239150	0.233899	0.286126	0.275803	0.281863	0.239389	0.233719	0.288861	0.283120	0.287760	0.236109	0.208950	0.287918	0.287069	0.239099	
0.282938	0.241539	0.270302	0.285244	0.249673	0.276390	0.280175	0.247131	0.240478	0.236172	0.000000	0.267034	0.284375	0.275818	0.236896	0.247199	0.269181	0.251843	0.289669	0.285031	0.253189	0.188415	0.249487	0.282712	0.188209	0.286066	0.291038	0.284251	0.248957	0.284016	0.285398	0.252105	0.282263	0.184834	0.285375	0.248520	0.269376	0.252059	0.253788	0.252502	0.287748	0.244408	0.291238	0.243767	0.282086	0.286308	0.286301	0.248905	0.285066	0.244422	0.193681	0.276920	0.186720	0.254622	0.285003	0.276618	0.283593	0.185665	0.249554	0.289725	0.284213	0.290072	0.257171	0.239435	0.289376	0.289295	0.255945	
0.254889	0.266611	0.109038	0.254895	0.277690	0.248314	0.232943	0.274386	0.267448	0.271934	0.267034	0.000000	0.252791	0.250410	0.265051	0.283325	0.111191	0.283069	0.257488	0.255364	0.275845	0.267189	0.278127	0.253946	0.266904	0.256578	0.256512	0.255192	0.279727	0.254901	0.262676	0.277771	0.231975	0.274129	0.259879	0.277701	0.210061	0.281735	0.278008	0.281124	0.264894	0.274827	0.262844	0.277035	0.256783	0.256624	0.259259	0.275660	0.263901	0.273838	0.273396	0.252981	0.273321	0.280042	0.261651	0.250192	0.233423	0.265687	0.284317	0.256267	0.258323	0.263124	0.282723	0.271306	0.254210	0.263007	0.280354	
0.206557	0.283442	0.259908	0.212977	0.287631	0.224516	0.243660	0.284844	0.282591	0.281049	0.284375	0.252791	0.000000	0.221089	0.283438	0.293984	0.263643	0.294644	0.212314	0.183090	0.294715	0.283884	0.291965	0.192464	0.285517	0.210019	0.212552	0.183709	0.292792	0.184304	0.216255	0.290868	0.242064	0.287402	0.210927	0.292209	0.251431	0.295711	0.295681	0.297686	0.214648	0.288633	0.213392	0.292157	0.185777	0.214543	0.216186	0.289974	0.215157	0.291311	0.288240	0.225228	0.287936	0.297161	0.217109	0.222354	0.244803	0.287143	0.296901	0.215187	0.194903	0.214315	0.298457	0.283078	0.188218	0.216679	0.295274	
0.228501	0.275395	0.251461	0.222435	0.282347	0.164012	0.243612	0.283330	0.276886	0.274847	0.275818	0.250410	0.221089	0.000000	0.278149	0.284536	0.257812	0.286566	0.229954	0.224825	0.287364	0.278514	0.285170	0.224213	0.279117	0.228644	0.229410	0.219664	0.288092	0.225095	0.227275	0.286993	0.243482	0.277563	0.227567	0.284509	0.247407	0.286671	0.290477	0.292263	0.229148	0.279820	0.230778	0.285043	0.221095	0.224063	0.229472	0.283092	0.227488	0.283926	0.281765	0.163296	0.284313	0.290081	0.224519	0.162750	0.248004	0.281533	0.291055	0.225706	0.225239	0.227796	0.287995	0.274180	0.223211	0.228167	0.290252	
0.281147	0.224219	0.272294	0.279823	0.231544	0.276673	0.279679	0.228099	0.223722	0.204396	0.236896	0.265051	0.283438	0.278149	0.000000	0.229610	0.272905	0.232530	0.286498	0.284499	0.231388	0.238866	0.230288	0.282227	0.235658	0.281296	0.284767	0.279273	0.229834	0.281955	0.282587	0.230604	0.280126	0.237154	0.285665	0.231229	0.269957	0.229267	0.228892	0.232757	0.285681	0.227017	0.286846	0.226093	0.281267	0.282023	0.287891	0.228119	0.281127	0.224293	0.240167	0.278164	0.236884	0.231630	0.285302	0.279914	0.282858	0.240435	0.232773	0.287188	0.284108	0.288928	0.235670	0.200674	0.285154	0.287097	0.233026	
0.287860	0.224711	0.278897	0.291079	0.211531	0.284463	0.291250	0.225962	0.223902	0.228285	0.247199	0.283325	0.293984	0.284536	0.229610	0.000000	0.281475	0.213029	0.296162	0.291839	0.217731	0.250305	0.214098	0.294105	0.248453	0.293368	0.296378	0.289296	0.209567	0.295331	0.292997	0.209781	0.291420	0.250637	0.293671	0.229567	0.276383	0.213995	0.214696	0.214530	0.294040	0.229444	0.298825	0.230343	0.293254	0.293976	0.295317	0.231382	0.291743	0.227758	0.250840	0.287245	0.248806	0.216116	0.294041	0.283727	0.290802	0.250819	0.215097	0.295031	0.294592	0.297601	0.216996	0.227248	0.296485	0.293300	0.217701	
0.259859	0.274148	0.112784	0.264760	0.281676	0.254360	0.231449	0.283807	0.274656	0.276378	0.269181	0.111191	0.263643	0.257812	0.272905	0.281475	0.000000	0.283219	0.267348	0.258507	0.281012	0.274770	0.283983	0.260258	0.275574	0.263450	0.267162	0.262337	0.283784	0.261934	0.266347	0.282553	0.235429	0.278875	0.264283	0.283455	0.211222	0.281942	0.283626	0.284058	0.268044	0.279078	0.264914	0.278073	0.262672	0.262088	0.268368	0.281456	0.265900	0.278418	0.278494	0.255988	0.275059	0.283064	0.263494	0.256104	0.233242	0.274053	0.286356	0.265969	0.265535	0.269298	0.288060	0.274210	0.263092	0.263720	0.284702	
0.292560	0.228201	0.286426	0.290612	0.215149	0.289077	0.290812	0.228338	0.226766	0.229713	0.251843	0.283069	0.294644	0.286566	0.232530	0.213029	0.283219	0.000000	0.294725	0.291682	0.216305	0.253173	0.213023	0.291605	0.250251	0.292130	0.294911	0.293516	0.217716	0.293852	0.293247	0.216201	0.291520	0.249921	0.295775	0.228220	0.278209	0.218571	0.217248	0.219811	0.295467	0.226259	0.299762	0.231896	0.293882	0.293776	0.298120	0.230456	0.292455	0.227906	0.255824	0.289447	0.252135	0.222387	0.293912	0.282930	0.289416	0.251561	0.216898	0.296372	0.297827	0.298705	0.220989	0.233254	0.296336	0.297276	0.221277	
0.193834	0.288182	0.266005	0.215918	0.289339	0.229739	0.247657	0.288766	0.287062	0.283835	0.289669	0.257488	0.212314	0.229954	0.286498	0.296162	0.267348	0.294725	0.000000	0.214318	0.297408	0.291394	0.296060	0.217702	0.292820	0.206637	0.210783	0.212475	0.294110	0.216169	0.215882	0.293373	0.247795	0.291716	0.200826	0.292198	0.262449	0.295941	0.299114	0.302136	0.198536	0.290171	0.199175	0.294928	0.217026	0.215960	0.201017	0.290860	0.213926	0.293366	0.298087	0.231358	0.294008	0.299460	0.217320	0.232246	0.250987	0.293545	0.298680	0.216060	0.219127	0.199057	0.300445	0.284943	0.216840	0.201223	0.298707	
0.206172	0.282058	0.258691	0.210860	0.287322	0.225572	0.243593	0.282383	0.285026	0.280145	0.285031	0.255364	0.183090	0.224825	0.284499	0.291839	0.258507	0.291682	0.214318	0.000000	0.291004	0.290477	0.289743	0.192523	0.289935	0.213275	0.212915	0.183450	0.293277	0.187581	0.216890	0.291009	0.244171	0.291988	0.216226	0.294532	0.250894	0.293508	0.296639	0.296924	0.215987	0.286954	0.214691	0.290510	0.187941	0.216607	0.219182	0.290693	0.218381	0.288710	0.292136	0.227116	0.290168	0.294477	0.217364	0.225523	0.247805	0.290305	0.295338	0.219422	0.192276	0.213564	0.297348	0.282602	0.186714	0.216247	0.297198	
0.293642	0.226243	0.282474	0.292377	0.217094	0.289651	0.289506	0.228867	0.228288	0.233482	0.253189	0.275845	0.294715	0.287364	0.231388	0.217731	0.281012	0.216305	0.297408	0.291004	0.000000	0.254287	0.222032	0.295369	0.252309	0.293396	0.295990	0.294655	0.217478	0.294545	0.293522	0.216087	0.293771	0.254083	0.300549	0.235206	0.281634	0.225299	0.218428	0.220700	0.296316	0.230233	0.301994	0.235039	0.297283	0.297490	0.300525	0.233584	0.293511	0.234333	0.254268	0.288315	0.252982	0.219082	0.294147	0.287992	0.291327	0.253624	0.219922	0.296118	0.297266	0.300745	0.222071	0.236984	0.298772	0.302723	0.221946	
0.285332	0.239593	0.270191	0.282324	0.249728	0.278440	0.283549	0.250324	0.245740	0.238661	0.188415	0.267189	0.283884	0.278514	0.238866	0.250305	0.274770	0.253173	0.291394	0.290477	0.254287	0.000000	0.253384	0.284797	0.186074	0.288392	0.289034	0.285484	0.248643	0.289702	0.286776	0.253256	0.282966	0.188235	0.289700	0.249082	0.268790	0.249350	0.255077	0.256436	0.291466	0.244928	0.291877	0.249509	0.289077	0.284121	0.289611	0.252233	0.288368	0.248649	0.160919	0.278680	0.185961	0.256957	0.286899	0.278394	0.283678	0.189575	0.254363	0.291951	0.288271	0.292536	0.256681	0.240178	0.289185	0.289915	0.254161	
0.292582	0.229489	0.280974	0.288420	0.215855	0.284619	0.287668	0.231017	0.227222	0.232113	0.249487	0.278127	0.291965	0.285170	0.230288	0.214098	0.283983	0.213023	0.296060	0.289743	0.222032	0.253384	0.000000	0.291402	0.251845	0.290276	0.294528	0.290717	0.216513	0.291586	0.290889	0.214960	0.288829	0.252872	0.296086	0.235434	0.280364	0.214950	0.219028	0.219614	0.295554	0.227761	0.295472	0.232347	0.294333	0.293091	0.296386	0.233891	0.292475	0.231306	0.258207	0.287649	0.252670	0.218691	0.291860	0.283120	0.291882	0.255707	0.218915	0.297804	0.295694	0.297260	0.224374	0.234272	0.296471	0.294913	0.224223	
0.210051	0.286462	0.259163	0.213109	0.287051	0.222194	0.244251	0.290069	0.284421	0.281863	0.282712	0.253946	0.192464	0.224213	0.282227	0.294105	0.260258	0.291605	0.217702	0.192523	0.295369	0.284797	0.291402	0.000000	0.287683	0.211845	0.216062	0.190512	0.291177	0.190419	0.216816	0.294902	0.242174	0.284893	0.212366	0.292944	0.253063	0.295186	0.297227	0.299992	0.215187	0.287405	0.218068	0.290440	0.190264	0.214766	0.217500	0.289127	0.219055	0.288736	0.288550	0.225349	0.291477	0.297030	0.219424	0.222894	0.247047	0.285942	0.296018	0.220741	0.182297	0.215076	0.295754	0.285029	0.192144	0.213393	0.296154	
0.287811	0.240745	0.269997	0.284045	0.248689	0.278747	0.284887	0.243505	0.243548	0.237908	0.188209	0.266904	0.285517	0.279117	0.235658	0.248453	0.275574	0.250251	0.292820	0.289935	0.252309	0.186074	0.251845	0.287683	0.000000	0.289995	0.290616	0.285004	0.246622	0.287944	0.286954	0.254080	0.284464	0.186737	0.289273	0.245554	0.268138	0.251791	0.252123	0.252337	0.289632	0.244577	0.291883	0.244380	0.286030	0.285858	0.292896	0.247260	0.286161	0.244265	0.192402	0.279264	0.185801	0.254526	0.289053	0.280326	0.283587	0.186875	0.252828	0.290210	0.288303	0.293185	0.255443	0.238360	0.291719	0.292160	0.249548	
0.203072	0.282438	0.262912	0.210130	0.287633	0.224354	0.242695	0.287697	0.282895	0.281972	0.286066	0.256578	0.210019	0.228644	0.281296	0.293368	0.263450	0.292130	0.206637	0.213275	0.293396	0.288392	0.290276	0.211845	0.289995	0.000000	0.189431	0.208735	0.295470	0.208877	0.212674	0.294812	0.241751	0.288451	0.204762	0.293042	0.257247	0.294310	0.297242	0.294210	0.207792	0.285813	0.208519	0.292970	0.211443	0.212614	0.205511	0.291095	0.211909	0.291316	0.292484	0.231457	0.293467	0.298002	0.208296	0.228107	0.245956	0.288012	0.296554	0.215054	0.215733	0.207361	0.301315	0.285389	0.213902	0.209785	0.298427	
0.205726	0.283568	0.262541	0.213618	0.290976	0.230151	0.247231	0.289247	0.285101	0.284937	0.291038	0.256512	0.212552	0.229410	0.284767	0.296378	0.267162	0.294911	0.210783	0.212915	0.295990	0.289034	0.294528	0.216062	0.290616	0.189431	0.000000	0.211592	0.296816	0.212675	0.215413	0.295149	0.244283	0.291833	0.214770	0.293236	0.255112	0.298475	0.298396	0.297201	0.211888	0.288769	0.211451	0.292770	0.215331	0.214166	0.212529	0.290319	0.213714	0.294024	0.295414	0.232230	0.294486	0.297318	0.213167	0.229091	0.247722	0.292177	0.299046	0.214223	0.215956	0.211233	0.302522	0.283765	0.216978	0.213744	0.298558	
0.212232	0.282735	0.256868	0.214012	0.285982	0.223867	0.242497	0.285213	0.278996	0.280356	0.284251	0.255192	0.183709	0.219664	0.279273	0.289296	0.262337	0.293516	0.212475	0.183450	0.294655	0.285484	0.290717	0.190512	0.285004	0.208735	0.211592	0.000000	0.293476	0.184347	0.216208	0.293871	0.240126	0.286772	0.212763	0.290415	0.252765	0.294522	0.293336	0.294170	0.212566	0.285810	0.216992	0.292590	0.183000	0.214731	0.214971	0.286659	0.215161	0.288884	0.286560	0.224189	0.288292	0.295398	0.215349	0.220062	0.244086	0.286713	0.295705	0.217263	0.191048	0.214199	0.300057	0.282217	0.188513	0.212996	0.296586	
0.284108	0.231152	0.283651	0.292019	0.216232	0.288829	0.289001	0.230589	0.225335	0.229410	0.248957	0.279727	0.292792	0.288092	0.229834	0.209567	0.283784	0.217716	0.294110	0.293277	0.217478	0.248643	0.216513	0.291177	0.246622	0.295470	0.296816	0.293476	0.000000	0.294320	0.293224	0.219636	0.292811	0.247559	0.295857	0.235102	0.280544	0.217861	0.216423	0.212809	0.294258	0.228008	0.294977	0.233574	0.292150	0.293840	0.296511	0.230992	0.292921	0.234171	0.253302	0.289248	0.248576	0.221722	0.292968	0.284855	0.291581	0.250204	0.217640	0.296920	0.293974	0.297449	0.221311	0.230797	0.294047	0.293301	0.221185	
0.213293	0.284307	0.259934	0.214720	0.290340	0.224508	0.243350	0.289176	0.287361	0.283916	0.284016	0.254901	0.184304	0.225095	0.281955	0.295331	0.261934	0.293852	0.216169	0.187581	0.294545	0.289702	0.291586	0.190419	0.287944	0.208877	0.212675	0.184347	0.294320	0.000000	0.219080	0.294679	0.245012	0.286944	0.214932	0.292984	0.254062	0.294319	0.296217	0.299780	0.221885	0.289741	0.216622	0.295099	0.188519	0.215090	0.217418	0.289888	0.216377	0.292561	0.291617	0.225765	0.289295	0.298813	0.218571	0.222349	0.246143	0.288993	0.295669	0.219429	0.192588	0.214015	0.300014	0.285567	0.188833	0.213176	0.300274	
0.216025	0.285902	0.264057	0.195335	0.285557	0.226283	0.247312	0.285333	0.285040	0.282559	0.285398	0.262676	0.216255	0.227275	0.282587	0.292997	0.266347	0.293247	0.215882	0.216890	0.293522	0.286776	0.290889	0.216816	0.286954	0.212674	0.215413	0.216208	0.293224	0.219080	0.000000	0.295277	0.245433	0.291608	0.217276	0.291931	0.253899	0.295158	0.295906	0.295368	0.218162	0.286117	0.218848	0.291051	0.216256	0.192719	0.217823	0.287880	0.199517	0.288422	0.292633	0.228020	0.289988	0.296767	0.198874	0.226157	0.249292	0.289397	0.296834	0.200764	0.217188	0.216676	0.300833	0.282301	0.216825	0.215583	0.295449	
0.291025	0.228200	0.283813	0.288001	0.215860	0.289267	0.291255	0.228736	0.227541	0.231944	0.252105	0.277771	0.290868	0.286993	0.230604	0.209781	0.282553	0.216201	0.293373	0.291009	0.216087	0.253256	0.214960	0.294902	0.254080	0.294812	0.295149	0.293871	0.219636	0.294679	0.295277	0.000000	0.290648	0.253637	0.297726	0.233800	0.275730	0.217499	0.222519	0.220475	0.294047	0.230392	0.297257	0.233487	0.295124	0.294560	0.297286	0.234460	0.291988	0.232492	0.255706	0.288896	0.256899	0.218258	0.295703	0.286414	0.290968	0.251283	0.217562	0.298440	0.297821	0.299264	0.222673	0.232804	0.295333	0.298715	0.222431	
0.243593	0.281797	0.236032	0.245118	0.285514	0.244641	0.155230	0.290596	0.281251	0.280379	0.282263	0.231975	0.242064	0.243482	0.280126	0.291420	0.235429	0.291520	0.247795	0.244171	0.293771	0.282966	0.288829	0.242174	0.284464	0.241751	0.244283	0.240126	0.292811	0.245012	0.245433	0.290648	0.000000	0.287189	0.248491	0.288714	0.201679	0.289845	0.293237	0.294758	0.249547	0.285520	0.248253	0.292166	0.242954	0.245683	0.248959	0.289368	0.245290	0.289902	0.287362	0.246415	0.286221	0.294701	0.246708	0.244160	0.156231	0.284943	0.294239	0.247336	0.245818	0.247358	0.293613	0.280586	0.245466	0.250000	0.291798	
0.286139	0.241036	0.274317	0.285456	0.249941	0.277503	0.284179	0.246083	0.241346	0.239596	0.184834	0.274129	0.287402	0.277563	0.237154	0.250637	0.278875	0.249921	0.291716	0.291988	0.254083	0.188235	0.252872	0.284893	0.186737	0.288451	0.291833	0.286772	0.247559	0.286944	0.291608	0.253637	0.287189	0.000000	0.291724	0.247421	0.271374	0.248566	0.249828	0.254511	0.291706	0.243058	0.290325	0.246719	0.286644	0.288776	0.289272	0.244714	0.288339	0.245664	0.191688	0.279724	0.187298	0.253126	0.287737	0.279846	0.283343	0.188770	0.252215	0.291859	0.287543	0.290747	0.255007	0.236448	0.288168	0.290255	0.254642	
0.195739	0.285967	0.266658	0.217274	0.289521	0.228902	0.248509	0.288561	0.288092	0.286971	0.285375	0.259879	0.210927	0.227567	0.285665	0.293671	0.264283	0.295775	0.200826	0.216226	0.300549	0.289700	0.296086	0.212366	0.289273	0.204762	0.214770	0.212763	0.295857	0.214932	0.217276	0.297726	0.248491	0.291724	0.000000	0.293224	0.257547	0.295447	0.299075	0.300317	0.199471	0.293566	0.198405	0.295302	0.215513	0.213851	0.193356	0.290332	0.214955	0.289755	0.291772	0.231299	0.293148	0.296936	0.215431	0.230062	0.252048	0.293102	0.299005	0.215460	0.219202	0.196304	0.301203	0.286076	0.217497	0.200604	0.299303	
0.288630	0.208567	0.281881	0.284623	0.227399	0.284359	0.289535	0.210828	0.209922	0.230182	0.248520	0.277701	0.292209	0.284509	0.231229	0.229567	0.283455	0.228220	0.292198	0.294532	0.235206	0.249082	0.235434	0.292944	0.245554	0.293042	0.293236	0.290415	0.235102	0.292984	0.291931	0.233800	0.288714	0.247421	0.293224	0.000000	0.274174	0.229532	0.237621	0.236418	0.294874	0.209653	0.296129	0.209093	0.294394	0.289104	0.296554	0.212550	0.290725	0.208527	0.253993	0.287264	0.247415	0.234537	0.291929	0.284835	0.289959	0.252350	0.236786	0.294211	0.293704	0.297997	0.238003	0.230380	0.295745	0.295876	0.233969	
0.258792	0.268340	0.211147	0.252579	0.275228	0.242341	0.201511	0.274777	0.267624	0.270560	0.269376	0.210061	0.251431	0.247407	0.269957	0.276383	0.211222	0.278209	0.262449	0.250894	0.281634	0.268790	0.280364	0.253063	0.268138	0.257247	0.255112	0.252765	0.280544	0.254062	0.253899	0.275730	0.201679	0.271374	0.257547	0.274174	0.000000	0.280084	0.277624	0.280324	0.262168	0.273061	0.262082	0.276415	0.251207	0.256275	0.262547	0.276582	0.255117	0.275709	0.274081	0.247369	0.269430	0.283196	0.251774	0.242699	0.203784	0.269666	0.279485	0.254519	0.252573	0.258589	0.283345	0.269360	0.253852	0.259765	0.278310	
0.290933	0.229013	0.285077	0.292531	0.219322	0.286337	0.295018	0.230495	0.226559	0.233302	0.252059	0.281735	0.295711	0.286671	0.229267	0.213995	0.281942	0.218571	0.295941	0.293508	0.225299	0.249350	0.214950	0.295186	0.251791	0.294310	0.298475	0.294522	0.217861	0.294319	0.295158	0.217499	0.289845	0.248566	0.295447	0.229532	0.280084	0.000000	0.215908	0.221966	0.294992	0.229367	0.297247	0.232611	0.293072	0.296201	0.295121	0.231980	0.292543	0.227502	0.257267	0.285410	0.249292	0.218056	0.296282	0.285896	0.291497	0.250812	0.223329	0.298305	0.297155	0.297164	0.224790	0.232413	0.296294	0.298776	0.216736	
0.291764	0.228978	0.282452	0.292412	0.215109	0.288983	0.290156	0.228893	0.226552	0.230382	0.253788	0.278008	0.295681	0.290477	0.228892	0.214696	0.283626	0.217248	0.299114	0.296639	0.218428	0.255077	0.219028	0.297227	0.252123	0.297242	0.298396	0.293336	0.216423	0.296217	0.295906	0.222519	0.293237	0.249828	0.299075	0.237621	0.277624	0.215908	0.000000	0.219744	0.299685	0.228227	0.301943	0.234592	0.295312	0.299612	0.301985	0.232557	0.295248	0.231945	0.257012	0.292615	0.250858	0.216861	0.296510	0.289574	0.292333	0.254119	0.220642	0.299553	0.298146	0.301282	0.220393	0.230513	0.299842	0.303292	0.223239	
0.294316	0.228732	0.283617	0.293477	0.216907	0.291168	0.293675	0.230013	0.228118	0.236746	0.252502	0.281124	0.297686	0.292263	0.232757	0.214530	0.284058	0.219811	0.302136	0.296924	0.220700	0.256436	0.219614	0.299992	0.252337	0.294210	0.297201	0.294170	0.212809	0.299780	0.295368	0.220475	0.294758	0.254511	0.300317	0.236418	0.280324	0.221966	0.219744	0.000000	0.300576	0.228888	0.302263	0.234362	0.296912	0.298731	0.303587	0.231659	0.298059	0.230127	0.255284	0.292331	0.251382	0.213150	0.299677	0.288576	0.297087	0.254841	0.208411	0.301764	0.297640	0.304537	0.219572	0.231094	0.299662	0.299283	0.218825	
0.194412	0.288939	0.266907	0.213869	0.290039	0.230894	0.249369	0.289467	0.289775	0.285331	0.287748	0.264894	0.214648	0.229148	0.285681	0.294040	0.268044	0.295467	0.198536	0.215987	0.296316	0.291466	0.295554	0.215187	0.289632	0.207792	0.211888	0.212566	0.294258	0.221885	0.218162	0.294047	0.249547	0.291706	0.199471	0.294874	0.262168	0.294992	0.299685	0.300576	0.000000	0.293536	0.200925	0.295418	0.217378	0.218347	0.196172	0.292918	0.215832	0.294424	0.294093	0.232435	0.292214	0.298679	0.216287	0.231573	0.250845	0.292641	0.299825	0.215247	0.219429	0.202052	0.301434	0.283415	0.216909	0.195908	0.300556	
0.286215	0.206744	0.278125	0.285003	0.225135	0.280635	0.283228	0.210328	0.203944	0.225098	0.244408	0.274827	0.288633	0.279820	0.227017	0.229444	0.279078	0.226259	0.290171	0.286954	0.230233	0.244928	0.227761	0.287405	0.244577	0.285813	0.288769	0.285810	0.228008	0.289741	0.286117	0.230392	0.285520	0.243058	0.293566	0.209653	0.273061	0.229367	0.228227	0.228888	0.293536	0.000000	0.291812	0.211403	0.287026	0.289188	0.293694	0.207012	0.286197	0.210382	0.252445	0.283911	0.245616	0.232024	0.290372	0.279424	0.284728	0.251025	0.231718	0.293863	0.289639	0.292684	0.230980	0.224856	0.290572	0.294346	0.231300	
0.195032	0.289038	0.268923	0.215512	0.289993	0.231322	0.251201	0.293837	0.287351	0.285214	0.291238	0.262844	0.213392	0.230778	0.286846	0.298825	0.264914	0.299762	0.199175	0.214691	0.301994	0.291877	0.295472	0.218068	0.291883	0.208519	0.211451	0.216992	0.294977	0.216622	0.218848	0.297257	0.248253	0.290325	0.198405	0.296129	0.262082	0.297247	0.301943	0.302263	0.200925	0.291812	0.000000	0.298438	0.215062	0.218711	0.199313	0.295243	0.214971	0.298139	0.296378	0.236243	0.296412	0.301791	0.217754	0.231858	0.251310	0.292763	0.299165	0.217764	0.218003	0.199109	0.301925	0.287000	0.217042	0.203368	0.302765	
0.285298	0.209080	0.279028	0.290982	0.229078	0.284375	0.288190	0.213545	0.206943	0.226571	0.243767	0.277035	0.292157	0.285043	0.226093	0.230343	0.278073	0.231896	0.294928	0.290510	0.235039	0.249509	0.232347	0.290440	0.244380	0.292970	0.292770	0.292590	0.233574	0.295099	0.291051	0.233487	0.292166	0.246719	0.295302	0.209093	0.276415	0.232611	0.234592	0.234362	0.295418	0.211403	0.298438	0.000000	0.290251	0.291149	0.296502	0.209872	0.290026	0.211550	0.250103	0.284973	0.243946	0.235212	0.291907	0.285738	0.290808	0.244375	0.236666	0.296447	0.292941	0.298076	0.234616	0.225038	0.295749	0.296088	0.235955	
0.215956	0.282346	0.258885	0.218076	0.289016	0.223031	0.242905	0.287268	0.282883	0.284553	0.282086	0.256783	0.185777	0.221095	0.281267	0.293254	0.262672	0.293882	0.217026	0.187941	0.297283	0.289077	0.294333	0.190264	0.286030	0.211443	0.215331	0.183000	0.292150	0.188519	0.216256	0.295124	0.242954	0.286644	0.215513	0.294394	0.251207	0.293072	0.295312	0.296912	0.217378	0.287026	0.215062	0.290251	0.000000	0.214476	0.216304	0.288131	0.218504	0.289698	0.291059	0.225118	0.290430	0.298493	0.219572	0.221841	0.246529	0.287971	0.296150	0.220973	0.193247	0.214686	0.299072	0.282849	0.188975	0.215479	0.296416	
0.214149	0.286296	0.261433	0.200040	0.285311	0.226368	0.245588	0.287637	0.282111	0.282082	0.286308	0.256624	0.214543	0.224063	0.282023	0.293976	0.262088	0.293776	0.215960	0.216607	0.297490	0.284121	0.293091	0.214766	0.285858	0.212614	0.214166	0.214731	0.293840	0.215090	0.192719	0.294560	0.245683	0.288776	0.213851	0.289104	0.256275	0.296201	0.299612	0.298731	0.218347	0.289188	0.218711	0.291149	0.214476	0.000000	0.213900	0.290278	0.194919	0.287827	0.289201	0.227830	0.288471	0.295160	0.200047	0.224026	0.247404	0.289300	0.295576	0.197510	0.220248	0.216639	0.301872	0.283034	0.213969	0.216707	0.297132	
0.195391	0.290218	0.263821	0.218588	0.289996	0.229621	0.245237	0.294650	0.289250	0.284837	0.286301	0.259259	0.216186	0.229472	0.287891	0.295317	0.268368	0.298120	0.201017	0.219182	0.300525	0.289611	0.296386	0.217500	0.292896	0.205511	0.212529	0.214971	0.296511	0.217418	0.217823	0.297286	0.248959	0.289272	0.193356	0.296554	0.262547	0.295121	0.301985	0.303587	0.196172	0.293694	0.199313	0.296502	0.216304	0.213900	0.000000	0.292903	0.217272	0.294413	0.293194	0.232857	0.294984	0.297666	0.217975	0.231223	0.251086	0.292550	0.299852	0.216654	0.218910	0.198808	0.302476	0.287529	0.218359	0.198748	0.302187	
0.291821	0.213218	0.280149	0.286540	0.227875	0.280499	0.286083	0.212357	0.207371	0.230515	0.248905	0.275660	0.289974	0.283092	0.228119	0.231382	0.281456	0.230456	0.290860	0.290693	0.233584	0.252233	0.233891	0.289127	0.247260	0.291095	0.290319	0.286659	0.230992	0.289888	0.287880	0.234460	0.289368	0.244714	0.290332	0.212550	0.276582	0.231980	0.232557	0.231659	0.292918	0.207012	0.295243	0.209872	0.288131	0.290278	0.292903	0.000000	0.289318	0.210202	0.253602	0.284235	0.249320	0.233133	0.289773	0.279884	0.287013	0.248545	0.233945	0.291717	0.292006	0.294996	0.232600	0.228717	0.292443	0.294900	0.235416	
0.213315	0.282522	0.267994	0.195818	0.287601	0.225997	0.246514	0.286278	0.281751	0.279659	0.285066	0.263901	0.215157	0.227488	0.281127	0.291743	0.265900	0.292455	0.213926	0.218381	0.293511	0.288368	0.292475	0.219055	0.286161	0.211909	0.213714	0.215161	0.292921	0.216377	0.199517	0.291988	0.245290	0.288339	0.214955	0.290725	0.255117	0.292543	0.295248	0.298059	0.215832	0.286197	0.214971	0.290026	0.218504	0.194919	0.217272	0.289318	0.000000	0.288296	0.287245	0.229246	0.287921	0.294456	0.200052	0.225421	0.250247	0.288159	0.298475	0.200175	0.218481	0.212304	0.295526	0.280912	0.214249	0.216428	0.295762	
0.288257	0.209986	0.277986	0.286700	0.226432	0.282111	0.289490	0.207685	0.207125	0.226984	0.244422	0.273838	0.291311	0.283926	0.224293	0.227758	0.278418	0.227906	0.293366	0.288710	0.234333	0.248649	0.231306	0.288736	0.244265	0.291316	0.294024	0.288884	0.234171	0.292561	0.288422	0.232492	0.289902	0.245664	0.289755	0.208527	0.275709	0.227502	0.231945	0.230127	0.294424	0.210382	0.298139	0.211550	0.289698	0.287827	0.294413	0.210202	0.288296	0.000000	0.252940	0.282833	0.245704	0.231517	0.289021	0.282362	0.288492	0.246176	0.232803	0.294090	0.293579	0.295022	0.235998	0.227737	0.291936	0.294383	0.233824	
0.289726	0.245143	0.275625	0.287008	0.254314	0.283146	0.286338	0.248880	0.245291	0.242183	0.193681	0.273396	0.288240	0.281765	0.240167	0.250840	0.278494	0.255824	0.298087	0.292136	0.254268	0.160919	0.258207	0.288550	0.192402	0.292484	0.295414	0.286560	0.253302	0.291617	0.292633	0.255706	0.287362	0.191688	0.291772	0.253993	0.274081	0.257267	0.257012	0.255284	0.294093	0.252445	0.296378	0.250103	0.291059	0.289201	0.293194	0.253602	0.287245	0.252940	0.000000	0.284779	0.189004	0.259164	0.292874	0.282240	0.287268	0.191972	0.258270	0.294293	0.290449	0.297290	0.261953	0.242028	0.292718	0.294122	0.257760	
0.230720	0.277116	0.251501	0.226851	0.285167	0.166399	0.245791	0.281827	0.279785	0.279885	0.276920	0.252981	0.225228	0.163296	0.278164	0.287245	0.255988	0.289447	0.231358	0.227116	0.288315	0.278680	0.287649	0.225349	0.279264	0.231457	0.232230	0.224189	0.289248	0.225765	0.228020	0.288896	0.246415	0.279724	0.231299	0.287264	0.247369	0.285410	0.292615	0.292331	0.232435	0.283911	0.236243	0.284973	0.225118	0.227830	0.232857	0.284235	0.229246	0.282833	0.284779	0.000000	0.283543	0.292005	0.226985	0.163366	0.244801	0.281349	0.288899	0.227605	0.227133	0.235118	0.289443	0.276503	0.226904	0.232029	0.291741	
0.288752	0.240287	0.276947	0.283374	0.248880	0.281063	0.287669	0.246337	0.238594	0.239150	0.186720	0.273321	0.287936	0.284313	0.236884	0.248806	0.275059	0.252135	0.294008	0.290168	0.252982	0.185961	0.252670	0.291477	0.185801	0.293467	0.294486	0.288292	0.248576	0.289295	0.289988	0.256899	0.286221	0.187298	0.293148	0.247415	0.269430	0.249292	0.250858	0.251382	0.292214	0.245616	0.296412	0.243946	0.290430	0.288471	0.294984	0.249320	0.287921	0.245704	0.189004	0.283543	0.000000	0.252928	0.289233	0.281947	0.287194	0.186360	0.247939	0.293821	0.290060	0.294161	0.258073	0.238247	0.289673	0.292278	0.254822	
0.292475	0.229422	0.279976	0.292878	0.218447	0.291212	0.292029	0.229794	0.229849	0.233899	0.254622	0.280042	0.297161	0.290081	0.231630	0.216116	0.283064	0.222387	0.299460	0.294477	0.219082	0.256957	0.218691	0.297030	0.254526	0.298002	0.297318	0.295398	0.221722	0.298813	0.296767	0.218258	0.294701	0.253126	0.296936	0.234537	0.283196	0.218056	0.216861	0.213150	0.298679	0.232024	0.301791	0.235212	0.298493	0.295160	0.297666	0.233133	0.294456	0.231517	0.259164	0.292005	0.252928	0.000000	0.297635	0.289156	0.293466	0.255762	0.216344	0.299594	0.301922	0.298657	0.225258	0.230188	0.297066	0.296835	0.220428	
0.215323	0.288584	0.262948	0.201294	0.288396	0.225017	0.246111	0.288332	0.283432	0.286126	0.285003	0.261651	0.217109	0.224519	0.285302	0.294041	0.263494	0.293912	0.217320	0.217364	0.294147	0.286899	0.291860	0.219424	0.289053	0.208296	0.213167	0.215349	0.292968	0.218571	0.198874	0.295703	0.246708	0.287737	0.215431	0.291929	0.251774	0.296282	0.296510	0.299677	0.216287	0.290372	0.217754	0.291907	0.219572	0.200047	0.217975	0.289773	0.200052	0.289021	0.292874	0.226985	0.289233	0.297635	0.000000	0.226637	0.248895	0.289323	0.298624	0.200052	0.222199	0.219304	0.301665	0.284714	0.218450	0.216338	0.298703	
0.232274	0.275852	0.251691	0.220630	0.283939	0.164496	0.246055	0.279527	0.280516	0.275803	0.276618	0.250192	0.222354	0.162750	0.279914	0.283727	0.256104	0.282930	0.232246	0.225523	0.287992	0.278394	0.283120	0.222894	0.280326	0.228107	0.229091	0.220062	0.284855	0.222349	0.226157	0.286414	0.244160	0.279846	0.230062	0.284835	0.242699	0.285896	0.289574	0.288576	0.231573	0.279424	0.231858	0.285738	0.221841	0.224026	0.231223	0.279884	0.225421	0.282362	0.282240	0.163366	0.281947	0.289156	0.226637	0.000000	0.248317	0.279758	0.288869	0.227120	0.224871	0.233702	0.285757	0.275633	0.223954	0.227050	0.289906	
0.243809	0.283903	0.235917	0.249121	0.287564	0.245050	0.156092	0.287009	0.282286	0.281863	0.283593	0.233423	0.244803	0.248004	0.282858	0.290802	0.233242	0.289416	0.250987	0.247805	0.291327	0.283678	0.291882	0.247047	0.283587	0.245956	0.247722	0.244086	0.291581	0.246143	0.249292	0.290968	0.156231	0.283343	0.252048	0.289959	0.203784	0.291497	0.292333	0.297087	0.250845	0.284728	0.251310	0.290808	0.246529	0.247404	0.251086	0.287013	0.250247	0.288492	0.287268	0.244801	0.287194	0.293466	0.248895	0.248317	0.000000	0.285791	0.291207	0.251099	0.245931	0.250082	0.294332	0.281430	0.247073	0.250899	0.293205	
0.290715	0.242897	0.275261	0.284900	0.251662	0.278923	0.284544	0.250055	0.243230	0.239389	0.185665	0.265687	0.287143	0.281533	0.240435	0.250819	0.274053	0.251561	0.293545	0.290305	0.253624	0.189575	0.255707	0.285942	0.186875	0.288012	0.292177	0.286713	0.250204	0.288993	0.289397	0.251283	0.284943	0.188770	0.293102	0.252350	0.269666	0.250812	0.254119	0.254841	0.292641	0.251025	0.292763	0.244375	0.287971	0.289300	0.292550	0.248545	0.288159	0.246176	0.191972	0.281349	0.186360	0.255762	0.289323	0.279758	0.285791	0.000000	0.251847	0.292459	0.287897	0.291705	0.257899	0.239016	0.289303	0.291469	0.255790	
0.292464	0.232242	0.282466	0.293454	0.218935	0.292059	0.291212	0.234074	0.228332	0.233719	0.249554	0.284317	0.296901	0.291055	0.232773	0.215097	0.286356	0.216898	0.298680	0.295338	0.219922	0.254363	0.218915	0.296018	0.252828	0.296554	0.299046	0.295705	0.217640	0.295669	0.296834	0.217562	0.294239	0.252215	0.299005	0.236786	0.279485	0.223329	0.220642	0.208411	0.299825	0.231718	0.299165	0.236666	0.296150	0.295576	0.299852	0.233945	0.298475	0.232803	0.258270	0.288899	0.247939	0.216344	0.298624	0.288869	0.291207	0.251847	0.000000	0.299512	0.300013	0.299225	0.222175	0.230467	0.297385	0.296941	0.215861	
0.217663	0.289141	0.261719	0.202027	0.292544	0.227596	0.250769	0.293778	0.286367	0.288861	0.289725	0.256267	0.215187	0.225706	0.287188	0.295031	0.265969	0.296372	0.216060	0.219422	0.296118	0.291951	0.297804	0.220741	0.290210	0.215054	0.214223	0.217263	0.296920	0.219429	0.200764	0.298440	0.247336	0.291859	0.215460	0.294211	0.254519	0.298305	0.299553	0.301764	0.215247	0.293863	0.217764	0.296447	0.220973	0.197510	0.216654	0.291717	0.200175	0.294090	0.294293	0.227605	0.293821	0.299594	0.200052	0.227120	0.251099	0.292459	0.299512	0.000000	0.221628	0.217576	0.303027	0.284220	0.217861	0.213164	0.300480	
0.216422	0.285356	0.261571	0.218967	0.289706	0.222680	0.243763	0.289194	0.285532	0.283120	0.284213	0.258323	0.194903	0.225239	0.284108	0.294592	0.265535	0.297827	0.219127	0.192276	0.297266	0.288271	0.295694	0.182297	0.288303	0.215733	0.215956	0.191048	0.293974	0.192588	0.217188	0.297821	0.245818	0.287543	0.219202	0.293704	0.252573	0.297155	0.298146	0.297640	0.219429	0.289639	0.218003	0.292941	0.193247	0.220248	0.218910	0.292006	0.218481	0.293579	0.290449	0.227133	0.290060	0.301922	0.222199	0.224871	0.245931	0.287897	0.300013	0.221628	0.000000	0.219190	0.299672	0.285699	0.193654	0.219155	0.300210	
0.196518	0.289337	0.265882	0.219052	0.292007	0.231285	0.250296	0.293808	0.289277	0.287760	0.290072	0.263124	0.214315	0.227796	0.288928	0.297601	0.269298	0.298705	0.199057	0.213564	0.300745	0.292536	0.297260	0.215076	0.293185	0.207361	0.211233	0.214199	0.297449	0.214015	0.216676	0.299264	0.247358	0.290747	0.196304	0.297997	0.258589	0.297164	0.301282	0.304537	0.202052	0.292684	0.199109	0.298076	0.214686	0.216639	0.198808	0.294996	0.212304	0.295022	0.297290	0.235118	0.294161	0.298657	0.219304	0.233702	0.250082	0.291705	0.299225	0.217576	0.219190	0.000000	0.303192	0.286890	0.215099	0.199318	0.301458	
0.296609	0.232791	0.286727	0.297776	0.222939	0.289569	0.292992	0.234299	0.231316	0.236109	0.257171	0.282723	0.298457	0.287995	0.235670	0.216996	0.288060	0.220989	0.300445	0.297348	0.222071	0.256681	0.224374	0.295754	0.255443	0.301315	0.302522	0.300057	0.221311	0.300014	0.300833	0.222673	0.293613	0.255007	0.301203	0.238003	0.283345	0.224790	0.220393	0.219572	0.301434	0.230980	0.301925	0.234616	0.299072	0.301872	0.302476	0.232600	0.295526	0.235998	0.261953	0.289443	0.258073	0.225258	0.301665	0.285757	0.294332	0.257899	0.222175	0.303027	0.299672	0.303192	0.000000	0.234439	0.300132	0.300536	0.221333	
0.279148	0.224319	0.273187	0.277677	0.231568	0.274952	0.283426	0.227441	0.226261	0.208950	0.239435	0.271306	0.283078	0.274180	0.200674	0.227248	0.274210	0.233254	0.284943	0.282602	0.236984	0.240178	0.234272	0.285029	0.238360	0.285389	0.283765	0.282217	0.230797	0.285567	0.282301	0.232804	0.280586	0.236448	0.286076	0.230380	0.269360	0.232413	0.230513	0.231094	0.283415	0.224856	0.287000	0.225038	0.282849	0.283034	0.287529	0.228717	0.280912	0.227737	0.242028	0.276503	0.238247	0.230188	0.284714	0.275633	0.281430	0.239016	0.230467	0.284220	0.285699	0.286890	0.234439	0.000000	0.284972	0.282999	0.233250	
0.208347	0.283829	0.258723	0.214359	0.291962	0.224793	0.245079	0.289679	0.286315	0.287918	0.289376	0.254210	0.188218	0.223211	0.285154	0.296485	0.263092	0.296336	0.216840	0.186714	0.298772	0.289185	0.296471	0.192144	0.291719	0.213902	0.216978	0.188513	0.294047	0.188833	0.216825	0.295333	0.245466	0.288168	0.217497	0.295745	0.253852	0.296294	0.299842	0.299662	0.216909	0.290572	0.217042	0.295749	0.188975	0.213969	0.218359	0.292443	0.214249	0.291936	0.292718	0.226904	0.289673	0.297066	0.218450	0.223954	0.247073	0.289303	0.297385	0.217861	0.193654	0.215099	0.300132	0.284972	0.000000	0.216940	0.299257	
0.202947	0.288912	0.263203	0.217186	0.291371	0.231526	0.247986	0.292554	0.285866	0.287069	0.289295	0.263007	0.216679	0.228167	0.287097	0.293300	0.263720	0.297276	0.201223	0.216247	0.302723	0.289915	0.294913	0.213393	0.292160	0.209785	0.213744	0.212996	0.293301	0.213176	0.215583	0.298715	0.250000	0.290255	0.200604	0.295876	0.259765	0.298776	0.303292	0.299283	0.195908	0.294346	0.203368	0.296088	0.215479	0.216707	0.198748	0.294900	0.216428	0.294383	0.294122	0.232029	0.292278	0.296835	0.216338	0.227050	0.250899	0.291469	0.296941	0.213164	0.219155	0.199318	0.300536	0.282999	0.216940	0.000000	0.301518	
