0.9738715 0.0001002 0.0024670 0.0234612 0.0001002
0.0036688 0.1229249 0.0113236 0.8232492 0.0388335
0.0000988 0.0282166 0.9379733 0.0078992 0.0258121
0.8083297 0.0180254 0.0001006 0.0130527 0.1604916
0.0257815 0.0010901 0.0048844 0.9681439 0.0001001
0.0059307 0.0021998 0.0053752 0.0001000 0.9863943
0.1665529 0.0000986 0.8331513 0.0000986 0.0000986
0.0067729 0.0892944 0.0001004 0.8699649 0.0338675
0.0082178 0.1126943 0.0016927 0.8471609 0.0302343
0.0235490 0.2180359 0.0121705 0.7054411 0.0408035
0.0083584 0.9725351 0.0028392 0.0161669 0.0001004
0.0000994 0.0212618 0.9502507 0.0071783 0.0212097
0.9040104 0.0000996 0.0111285 0.0000996 0.0846619
0.0165180 0.0000999 0.0000999 0.0000999 0.9831823
0.0224392 0.2102041 0.0241608 0.7221428 0.0210530
0.0011495 0.0000999 0.0000999 0.9985510 0.0000999
0.0000987 0.0141319 0.9503937 0.0159565 0.0194192
0.0080209 0.0000996 0.0006742 0.9911057 0.0000996
0.9853951 0.0000997 0.0000997 0.0143056 0.0000997
0.9261719 0.0001002 0.0137053 0.0001002 0.0599224
0.0010350 0.0001000 0.0079807 0.9907843 0.0001000
0.0028145 0.9961724 0.0000996 0.0000996 0.0008138
0.0041074 0.0001000 0.0121053 0.9806648 0.0030224
0.8906244 0.0057643 0.0091019 0.0001000 0.0944094
0.0001002 0.9655036 0.0029154 0.0269182 0.0045626
0.9326394 0.0001004 0.0274755 0.0090992 0.0306854
0.9347384 0.0001004 0.0276335 0.0065560 0.0309717
0.9037729 0.0000997 0.0195084 0.0000997 0.0765194
0.0059377 0.0124691 0.0000999 0.9813933 0.0000999
0.8888989 0.0000998 0.0157676 0.0000998 0.0951340
0.8274087 0.0040990 0.0020760 0.0123795 0.1540368
0.0116931 0.0000999 0.0000999 0.9880073 0.0000999
0.1760583 0.0000979 0.8236479 0.0000979 0.0000979
0.0001002 0.9747831 0.0001002 0.0233452 0.0016712
0.9880003 0.0109859 0.0000998 0.0008142 0.0000998
0.0000999 0.0883635 0.0000999 0.8699627 0.0414740
0.0103923 0.0517632 0.8136660 0.0443733 0.0798052
0.0008959 0.0037891 0.0001000 0.9901769 0.0050382
0.0000995 0.0092714 0.0003431 0.9901865 0.0000995
0.0003544 0.0018759 0.0000998 0.9975702 0.0000998
0.9844703 0.0010452 0.0000998 0.0142848 0.0000998
0.0001002 0.0972941 0.0001002 0.8672529 0.0352526
0.9896199 0.0000992 0.0000992 0.0100825 0.0000992
0.0001000 0.1065361 0.0036707 0.8603702 0.0293230
0.8988791 0.0000999 0.0103920 0.0000999 0.0905291
0.8329157 0.0162229 0.0001005 0.0001005 0.1506604
0.9931737 0.0014401 0.0000996 0.0051870 0.0000996
0.0001002 0.0995377 0.0001002 0.8599102 0.0403518
0.8366746 0.0088174 0.0001005 0.0057885 0.1486190
0.0000998 0.0885911 0.0000998 0.8797253 0.0314839
0.0014149 0.9974376 0.0009480 0.0000998 0.0000998
0.0000997 0.0024117 0.0000997 0.0029510 0.9944380
0.0000999 0.9787791 0.0000999 0.0209211 0.0000999
0.0003140 0.0000999 0.0000999 0.9992721 0.0002141
0.8234343 0.0120400 0.0019983 0.0001026 0.1624250
0.0001293 0.0000998 0.0001275 0.0018075 0.9978359
0.1487541 0.0000980 0.8509517 0.0000980 0.0000980
0.0001000 0.9831805 0.0065288 0.0100908 0.0001000
0.0017791 0.0008525 0.0000997 0.9971689 0.0000997
0.8398430 0.0063464 0.0001003 0.0001003 0.1536100
0.8755119 0.0045543 0.0167771 0.0000999 0.1030568
0.9901828 0.0000995 0.0000995 0.0095186 0.0000995
0.0000993 0.0000993 0.0007148 0.9866015 0.0124851
0.0143067 0.2089478 0.0153610 0.7326829 0.0287017
0.8971991 0.0000996 0.0162714 0.0000996 0.0863303
0.9952019 0.0000997 0.0000997 0.0044989 0.0000997
0.0000992 0.0002854 0.0153875 0.9841288 0.0000992
